-0.199219
-0.197266
-0.195312
-0.193359
-0.191406
-0.189453
-0.187500
-0.185547
-0.183594
-0.181641
-0.179688
-0.177734
-0.175781
-0.173828
-0.171875
-0.169922
-0.167969
-0.166016
-0.164062
-0.162109
-0.160156
-0.158203
-0.156250
-0.154297
-0.152344
-0.150391
-0.148438
-0.146484
-0.144531
-0.142578
-0.140625
-0.138672
-0.136719
-0.134766
-0.132812
-0.130859
-0.128906
-0.126953
-0.125000
-0.123047
-0.121094
-0.119141
-0.117188
-0.115234
-0.113281
-0.111328
-0.109375
-0.107422
-0.105469
-0.103516
-0.101562
-0.099609
-0.097656
-0.095703
-0.093750
-0.091797
-0.089844
-0.087891
-0.085938
-0.083984
-0.082031
-0.080078
-0.078125
-0.076172
-0.074219
-0.072266
-0.070312
-0.068359
-0.066406
-0.064453
-0.062500
-0.060547
-0.058594
-0.056641
-0.054688
-0.052734
-0.050781
-0.048828
-0.046875
-0.044922
-0.042969
-0.041016
-0.039062
-0.037109
-0.035156
-0.033203
-0.031250
-0.029297
-0.027344
-0.025391
-0.023438
-0.021484
-0.019531
-0.017578
-0.015625
-0.013672
-0.011719
-0.009766
-0.007812
-0.005859
-0.003906
-0.001953
0.000000
0.001953
0.003906
0.005859
0.007812
0.009766
0.011719
0.013672
0.015625
0.017578
0.019531
0.021484
0.023438
0.025391
0.027344
0.029297
0.031250
0.033203
0.035156
0.037109
0.039062
0.041016
0.042969
0.044922
0.046875
0.048828
0.050781
0.052734
0.054688
0.056641
0.058594
0.060547
0.062500
0.064453
0.066406
0.068359
0.070312
0.072266
0.074219
0.076172
0.078125
0.080078
0.082031
0.083984
0.085938
0.087891
0.089844
0.091797
0.093750
0.095703
0.097656
0.099609
0.101562
0.103516
0.105469
0.107422
0.109375
0.111328
0.113281
0.115234
0.117188
0.119141
0.121094
0.123047
0.125000
0.126953
0.128906
0.130859
0.132812
0.134766
0.136719
0.138672
0.140625
0.142578
0.144531
0.146484
0.148438
0.150391
0.152344
0.154297
0.156250
0.158203
0.160156
0.162109
0.164062
0.166016
0.167969
0.169922
0.171875
0.173828
0.175781
0.177734
0.179688
0.181641
0.183594
0.185547
0.187500
0.189453
0.191406
0.193359
0.195312
0.197266
0.199219
0.201172
0.203125
0.205078
0.207031
0.208984
0.210938
0.212891
0.214844
0.216797
0.218750
0.220703
0.222656
0.224609
0.226562
0.228516
0.230469
0.232422
0.234375
0.236328
0.238281
0.240234
0.242188
0.244141
0.246094
0.248047
0.250000
0.251953
0.253906
0.255859
0.257812
0.259766
0.261719
0.263672
0.265625
0.267578
0.269531
0.271484
0.273438
0.275391
0.277344
0.279297
0.281250
0.283203
0.285156
0.287109
0.289062
0.291016
0.292969
0.294922
0.296875
0.298828
0.300781
0.302734
0.304688
0.306641
0.308594
0.310547
0.312500
0.314453
0.316406
0.318359
0.320312
0.322266
0.324219
0.326172
0.328125
0.330078
0.332031
0.333984
0.335938
0.337891
0.339844
0.341797
0.343750
0.345703
0.347656
0.349609
0.351562
0.353516
0.355469
0.357422
0.359375
0.361328
0.363281
0.365234
0.367188
0.369141
0.371094
0.373047
0.375000
0.376953
0.378906
0.380859
0.382812
0.384766
0.386719
0.388672
0.390625
0.392578
0.394531
0.396484
0.398438
0.400391
0.402344
0.404297
0.406250
0.408203
0.410156
0.412109
0.414062
0.416016
0.417969
0.419922
0.421875
0.423828
0.425781
0.427734
0.429688
0.431641
0.433594
0.435547
0.437500
0.439453
0.441406
0.443359
0.445312
0.447266
0.449219
0.451172
0.453125
0.455078
0.457031
0.458984
0.460938
0.462891
0.464844
0.466797
0.468750
0.470703
0.472656
0.474609
0.476562
0.478516
0.480469
0.482422
0.484375
0.486328
0.488281
0.490234
0.492188
0.494141
0.496094
0.498047
0.500000
0.501953
0.503906
0.505859
0.507812
0.509766
0.511719
0.513672
0.515625
0.517578
0.519531
0.521484
0.523438
0.525391
0.527344
0.529297
0.531250
0.533203
0.535156
0.537109
0.539062
0.541016
0.542969
0.544922
0.546875
0.548828
0.550781
0.552734
0.554688
0.556641
0.558594
0.560547
0.562500
0.564453
0.566406
0.568359
0.570312
0.572266
0.574219
0.576172
0.578125
0.580078
0.582031
0.583984
0.585938
0.587891
0.589844
0.591797
0.593750
0.595703
0.597656
0.599609
0.601562
0.603516
0.605469
0.607422
0.609375
0.611328
0.613281
0.615234
0.617188
0.619141
0.621094
0.623047
0.625000
0.626953
0.628906
0.630859
0.632812
0.634766
0.636719
0.638672
0.640625
0.642578
0.644531
0.646484
0.648438
0.650391
0.652344
0.654297
0.656250
0.658203
0.660156
0.662109
0.664062
0.666016
0.667969
0.669922
0.671875
0.673828
0.675781
0.677734
0.679688
0.681641
0.683594
0.685547
0.687500
0.689453
0.691406
0.693359
0.695312
0.697266
0.699219
0.701172
0.703125
0.705078
0.707031
0.708984
0.710938
0.712891
0.714844
0.716797
0.718750
0.720703
0.722656
0.724609
0.726562
0.728516
0.730469
0.732422
0.734375
0.736328
0.738281
0.740234
0.742188
0.744141
0.746094
0.748047
0.750000
0.751953
0.753906
0.755859
0.757812
0.759766
0.761719
0.763672
0.765625
0.767578
0.769531
0.771484
0.773438
0.775391
0.777344
0.779297
0.781250
0.783203
0.785156
0.787109
0.789062
0.791016
0.792969
0.794922
0.796875
0.798828
0.800781
0.802734
0.804688
0.806641
0.808594
0.810547
0.812500
0.814453
0.816406
0.818359
0.820312
0.822266
0.824219
0.826172
0.828125
0.830078
0.832031
0.833984
0.835938
0.837891
0.839844
0.841797
0.843750
0.845703
0.847656
0.849609
0.851562
0.853516
0.855469
0.857422
0.859375
0.861328
0.863281
0.865234
0.867188
0.869141
0.871094
0.873047
0.875000
0.876953
0.878906
0.880859
0.882812
0.884766
0.886719
0.888672
0.890625
0.892578
0.894531
0.896484
0.898438
0.900391
0.902344
0.904297
0.906250
0.908203
0.910156
0.912109
0.914062
0.916016
0.917969
0.919922
0.921875
0.923828
0.925781
0.927734
0.929688
0.931641
0.933594
0.935547
0.937500
0.939453
0.941406
0.943359
0.945312
0.947266
0.949219
0.951172
0.953125
0.955078
0.957031
0.958984
0.960938
0.962891
0.964844
0.966797
0.968750
0.970703
0.972656
0.974609
0.976562
0.978516
0.980469
0.982422
0.984375
0.986328
0.988281
0.990234
0.992188
0.994141
0.996094
0.998047
1.000000
1.001953
1.003906
1.005859
1.007812
1.009766
1.011719
1.013672
1.015625
1.017578
1.019531
1.021484
1.023438
1.025391
1.027344
1.029297
1.031250
1.033203
1.035156
1.037109
1.039062
1.041016
1.042969
1.044922
1.046875
1.048828
1.050781
1.052734
1.054688
1.056641
1.058594
1.060547
1.062500
1.064453
1.066406
1.068359
1.070312
1.072266
1.074219
1.076172
1.078125
1.080078
1.082031
1.083984
1.085938
1.087891
1.089844
1.091797
1.093750
1.095703
1.097656
1.099609
1.101562
1.103516
1.105469
1.107422
1.109375
1.111328
1.113281
1.115234
1.117188
1.119141
1.121094
1.123047
1.125000
1.126953
1.128906
1.130859
1.132812
1.134766
1.136719
1.138672
1.140625
1.142578
1.144531
1.146484
1.148438
1.150391
1.152344
1.154297
1.156250
1.158203
1.160156
1.162109
1.164062
1.166016
1.167969
1.169922
1.171875
1.173828
1.175781
1.177734
1.179688
1.181641
1.183594
1.185547
1.187500
1.189453
1.191406
1.193359
1.195312
1.197266
1.199219
1.201172
1.203125
1.205078
1.207031
1.208984
1.210938
1.212891
1.214844
1.216797
1.218750
1.220703
1.222656
1.224609
1.226562
1.228516
1.230469
1.232422
1.234375
1.236328
1.238281
1.240234
1.242188
1.244141
1.246094
1.248047
1.250000
1.251953
1.253906
1.255859
1.257812
1.259766
1.261719
1.263672
1.265625
1.267578
1.269531
1.271484
1.273438
1.275391
1.277344
1.279297
1.281250
1.283203
1.285156
1.287109
1.289062
1.291016
1.292969
1.294922
1.296875
1.298828
1.300781
1.302734
1.304688
1.306641
1.308594
1.310547
1.312500
1.314453
1.316406
1.318359
1.320312
1.322266
1.324219
1.326172
1.328125
1.330078
1.332031
1.333984
1.335938
1.337891
1.339844
1.341797
1.343750
1.345703
1.347656
1.349609
1.351562
1.353516
1.355469
1.357422
1.359375
1.361328
1.363281
1.365234
1.367188
1.369141
1.371094
1.373047
1.375000
1.376953
1.378906
1.380859
1.382812
1.384766
1.386719
1.388672
1.390625
1.392578
1.394531
1.396484
1.398438
